9.56241640e-01 8.05291490e-01 6.80167096e-01 8.81014916e-01
8.37568080e-01 4.19623912e-01 5.34799524e-01 7.23540677e-01
1.33870867e-01 3.87105098e-01 8.82089623e-01 4.70185992e-01
2.40441429e-01 2.50882217e-01 4.18810208e-01 3.25346386e-01
9.03833876e-01 4.16089266e-01 7.46682264e-01 9.15978619e-01
9.03833876e-01 4.16089266e-01 7.46682264e-01 9.15978619e-01
9.03833876e-01 4.16089266e-01 7.46682264e-01 9.15978619e-01
9.56241640e-01 8.05291490e-01 6.80167096e-01 8.81014916e-01
8.37568080e-01 4.19623912e-01 5.34799524e-01 7.23540677e-01
1.33870867e-01 3.87105098e-01 8.82089623e-01 4.70185992e-01
2.40441429e-01 2.50882217e-01 4.18810208e-01 3.25346386e-01
9.03833876e-01 4.16089266e-01 7.46682264e-01 9.15978619e-01
9.03833876e-01 4.16089266e-01 7.46682264e-01 9.15978619e-01
